10
474,199,988
411,728,855
633,897,432
730,893,274
837,351,632
696,452,490
220,455,580
993,90,378
565,438,40
508,215,308
270,204,1005
21,278,532
11,349,402
622,88,139
974,82,443
878,992,450
150,479,894
452,424,908
200,69,843
447,828,322
1009,320,445
347,285,930
60,109,874
781,384,813
750,737,597
167,70,490
947,432,741
302,403,845
597,214,657
276,452,446
187,222,320
643,608,619
301,745,420
554,313,271
142,972,295
855,180,356
796,445,57
274,944,406
273,653,7
202,837,744
1024,137,704
946,643,961
599,15,218
272,873,344
378,815,663
916,371,305
351,695,116
769,672,792
875,827,857
892,49,911
