11
876,278,1838
643,883,1746
1938,474,188
1317,1252,1805
1236,613,1884
728,972,1058
916,1115,144
72,902,250
638,1596,1132
312,754,497
167,235,768
1107,1066,1999
1174,623,1162
698,1583,632
1005,934,1020
218,222,1663
1789,1394,338
1281,81,1493
2006,1054,694
1158,257,97
680,293,122
1065,86,974
91,1419,442
1944,1933,502
730,233,419
754,693,767
581,362,859
846,517,1944
1779,1478,396
1377,1008,908
525,1875,908
423,1949,1680
946,204,1954
842,879,1358
1437,1482,1792
615,1100,674
52,1827,1126
1996,1252,991
905,1508,60
1120,567,1127
978,1167,822
557,665,622
1752,1685,1082
374,891,83
568,1511,230
1845,1847,1767
1137,1870,511
1536,333,78
604,387,1453
139,835,1285
