30
805922872,177758216,34938424
611341110,789422626,732962072
600995389,436337630,1001466287
775454415,157858234,646725412
478651214,942156631,603459233
350271372,139487459,594379994
479892818,444803395,805364349
144221767,863635069,690086126
1059918245,231622506,260156947
419304004,238348338,1042853199
1035699271,854745982,382571443
347675638,905065888,710648466
690452074,787385946,341703449
306868545,346298067,932039111
251605839,837059830,979033788
636694907,988265930,713615213
35656435,844631966,86190405
1022653750,367983735,832264328
4052502,68855553,235850826
283721041,799817113,880444086
630805186,803025595,731226040
37249387,398668665,531587431
14182259,688064278,402050751
502842455,580036491,630544677
671984041,350784194,488513580
357421267,810003880,28942911
5590702,631871064,614213806
304127540,992876653,21168615
607520495,211321247,424587679
85069688,350965538,1027096615
558526801,652812905,416774753
493034373,499012445,709969383
478204043,696472120,463468931
483321645,363496002,56681607
885918856,889902739,481806709
484279514,543026786,355150949
736094578,507189341,72400513
10780312,16218007,702774518
22593818,918922303,433120646
675191175,624446091,134681567
180147697,533663111,135552970
881506694,504517871,618538214
48712937,722071997,124755179
834995521,673350306,310191681
992321814,329996645,328408063
753097109,814425719,850595881
349273347,981974615,475513981
676139920,972721011,600328054
255047215,405548349,976753311
562163241,502199519,575249721
