8
25,162,120
28,85,192
104,156,220
129,67,65
87,156,191
77,51,140
2,48,130
162,15,227
176,177,151
192,28,4
81,188,70
70,96,233
171,41,189
79,235,112
187,10,154
7,229,46
42,43,136
52,151,206
236,36,148
59,183,47
77,100,246
9,89,77
148,128,158
28,160,120
128,248,54
110,133,248
82,219,3
115,71,64
203,224,239
163,225,170
33,132,99
115,157,161
150,198,5
71,202,136
2,151,197
79,22,122
237,233,171
18,203,242
161,170,90
189,240,154
209,47,35
91,14,182
53,246,158
131,111,24
29,86,241
33,151,26
94,54,132
164,140,6
194,184,90
210,245,41
