9
4,490,78
116,491,323
350,72,368
43,490,191
272,498,25
136,471,7
13,215,421
210,475,510
239,268,87
233,196,115
355,213,390
95,253,359
211,308,447
129,111,177
185,117,352
383,109,152
297,87,108
337,53,374
285,474,54
200,416,399
337,263,499
464,310,382
225,501,354
9,27,465
297,381,395
427,314,119
309,151,349
225,442,266
243,324,10
138,497,246
170,270,114
91,222,482
332,243,25
360,298,79
219,373,47
62,6,421
78,17,224
127,197,96
368,382,212
117,100,22
376,306,177
356,28,216
278,293,275
164,138,189
117,338,344
169,98,407
499,193,42
480,191,217
85,440,87
506,103,222
